# Date/Time: 2025-02-27 16:16:06
# Independent Variable: Delay time (ps)
# Dependent Variable: deltaR/R
# Device Name: Device1
# Pump Power: N/A
# Pump Wavelength: 650 nm
# Probe Power: N/A
# Probe Wavelength: N/A
# Additional Notes: 
# Columns: ScanNumber  delay_time  deltaR   R
1.000000000000000000e+00 -5.000000000000000000e+01 -2.508179999999999828e-04 7.752280000000000282e-02
1.000000000000000000e+00 -4.000000000000000000e+01 -1.773839999999999944e-04 7.794239999999999502e-02
1.000000000000000000e+00 -3.000000000000000000e+01 -1.840599999999999962e-04 8.032269999999999688e-02
1.000000000000000000e+00 -2.000000000000000000e+01 -1.955039999999999903e-04 7.890369999999999329e-02
1.000000000000000000e+00 -1.000000000000000000e+01 -1.935969999999999965e-04 7.758379999999999443e-02
1.000000000000000000e+00 0.000000000000000000e+00 -2.202999999999999880e-04 7.720989999999999798e-02
1.000000000000000000e+00 1.000000000000000000e+01 -9.813380000000000020e-04 7.973529999999999507e-02
1.000000000000000000e+00 2.000000000000000000e+01 -1.577379999999999971e-03 7.942249999999999310e-02
1.000000000000000000e+00 3.000000000000000000e+01 -1.854900000000000038e-03 7.708790000000000087e-02
1.000000000000000000e+00 4.000000000000000000e+01 -2.042790000000000057e-03 7.711840000000000361e-02
1.000000000000000000e+00 5.000000000000000000e+01 -2.177249999999999932e-03 7.788130000000000053e-02
1.000000000000000000e+00 6.000000000000000000e+01 -2.210629999999999887e-03 8.204699999999999493e-02
1.000000000000000000e+00 7.000000000000000000e+01 -2.206819999999999962e-03 7.716420000000000223e-02
1.000000000000000000e+00 8.000000000000000000e+01 -2.186790000000000088e-03 8.147480000000000000e-02
1.000000000000000000e+00 9.000000000000000000e+01 -2.195369999999999874e-03 8.009389999999999565e-02
1.000000000000000000e+00 1.000000000000000000e+02 -2.182980000000000163e-03 8.191729999999999845e-02
1.000000000000000000e+00 1.100000000000000000e+02 -2.188700000000000020e-03 8.038380000000000525e-02
1.000000000000000000e+00 1.200000000000000000e+02 -2.242099999999999909e-03 7.971999999999999920e-02
1.000000000000000000e+00 1.300000000000000000e+02 -2.228749999999999828e-03 8.147480000000000000e-02
1.000000000000000000e+00 1.400000000000000000e+02 -2.248780000000000136e-03 8.320669999999999455e-02
1.000000000000000000e+00 1.500000000000000000e+02 -2.244009999999999842e-03 8.114670000000000216e-02
1.000000000000000000e+00 1.600000000000000000e+02 -2.310770000000000185e-03 8.270310000000000161e-02
1.000000000000000000e+00 1.700000000000000000e+02 -2.220170000000000043e-03 8.290909999999999946e-02
1.000000000000000000e+00 1.800000000000000000e+02 -2.174390000000000003e-03 8.285570000000000435e-02
1.000000000000000000e+00 1.900000000000000000e+02 -2.282160000000000091e-03 8.255819999999999825e-02
1.000000000000000000e+00 2.000000000000000000e+02 -2.304089999999999958e-03 8.497670000000000223e-02
1.000000000000000000e+00 2.100000000000000000e+02 -2.359410000000000153e-03 8.476309999999999401e-02
1.000000000000000000e+00 2.200000000000000000e+02 -2.339379999999999845e-03 8.622029999999999972e-02
1.000000000000000000e+00 2.300000000000000000e+02 -2.372759999999999800e-03 8.560230000000000616e-02
1.000000000000000000e+00 2.400000000000000000e+02 -2.414719999999999974e-03 8.519029999999999658e-02
1.000000000000000000e+00 2.500000000000000000e+02 -2.410900000000000109e-03 8.584640000000000326e-02
1.000000000000000000e+00 2.600000000000000000e+02 -2.427120000000000059e-03 8.661699999999999955e-02
1.000000000000000000e+00 2.700000000000000000e+02 -2.585430000000000107e-03 8.730359999999999510e-02
1.000000000000000000e+00 2.800000000000000000e+02 -2.545369999999999924e-03 8.707479999999999387e-02
1.000000000000000000e+00 2.900000000000000000e+02 -2.469079999999999799e-03 8.712050000000000349e-02
1.000000000000000000e+00 3.000000000000000000e+02 -2.520580000000000129e-03 8.926439999999999375e-02
1.000000000000000000e+00 3.100000000000000000e+02 -2.533930000000000210e-03 9.034780000000000588e-02
1.000000000000000000e+00 3.200000000000000000e+02 -2.502460000000000188e-03 8.853199999999999958e-02
1.000000000000000000e+00 3.300000000000000000e+02 -2.537740000000000135e-03 9.295699999999999796e-02
1.000000000000000000e+00 3.400000000000000000e+02 -2.522480000000000121e-03 9.079030000000000433e-02
1.000000000000000000e+00 3.500000000000000000e+02 -2.513899999999999902e-03 9.168289999999999773e-02
1.000000000000000000e+00 3.600000000000000000e+02 -2.583520000000000174e-03 9.226270000000000304e-02
1.000000000000000000e+00 3.700000000000000000e+02 -2.667440000000000089e-03 9.295699999999999796e-02
1.000000000000000000e+00 3.800000000000000000e+02 -2.755179999999999869e-03 9.570359999999999978e-02
1.000000000000000000e+00 3.900000000000000000e+02 -2.661719999999999798e-03 9.207959999999999756e-02
1.000000000000000000e+00 4.000000000000000000e+02 -2.573980000000000018e-03 9.036299999999999888e-02
1.000000000000000000e+00 4.100000000000000000e+02 -2.630250000000000209e-03 8.967640000000000333e-02
1.000000000000000000e+00 4.200000000000000000e+02 -2.625479999999999915e-03 9.516950000000000409e-02
1.000000000000000000e+00 4.300000000000000000e+02 -2.472890000000000157e-03 9.658100000000000018e-02
1.000000000000000000e+00 4.400000000000000000e+02 -2.496729999999999956e-03 9.149980000000000613e-02
1.000000000000000000e+00 4.500000000000000000e+02 -2.547279999999999857e-03 9.655809999999999393e-02
1.000000000000000000e+00 4.600000000000000000e+02 -2.551090000000000215e-03 9.379629999999999912e-02
1.000000000000000000e+00 4.700000000000000000e+02 -2.699870000000000048e-03 9.245349999999999402e-02
1.000000000000000000e+00 4.800000000000000000e+02 -2.655999999999999941e-03 9.171340000000000048e-02
1.000000000000000000e+00 4.900000000000000000e+02 -2.590190000000000027e-03 9.187359999999999971e-02
1.000000000000000000e+00 5.000000000000000000e+02 -2.563489999999999866e-03 9.542130000000000056e-02
